Search type  | Vertices   | Edge percentage | Basic operations |             Time (s)
greedy       | 4          | 12.5            | 1                | 1.3113021850585938e-05
exaustive    | 4          | 12.5            | 12               | 6.008148193359375e-05
greedy       | 4          | 25              | 1                | 2.5033950805664062e-05
exaustive    | 4          | 25              | 12               | 6.008148193359375e-05
greedy       | 4          | 50              | 1                | 2.002716064453125e-05
exaustive    | 4          | 50              | 12               | 7.43865966796875e-05
greedy       | 4          | 75              | 1                | 2.7894973754882812e-05
exaustive    | 4          | 75              | 32               | 4.7206878662109375e-05
greedy       | 5          | 12.5            | 2                |   3.814697265625e-05
exaustive    | 5          | 12.5            | 32               | 6.771087646484375e-05
greedy       | 5          | 25              | 1                |     3.0517578125e-05
exaustive    | 5          | 25              | 32               | 0.00011324882507324219
greedy       | 5          | 50              | 1                | 2.5510787963867188e-05
exaustive    | 5          | 50              | 80               | 0.0001354217529296875
greedy       | 5          | 75              | 2                | 2.3603439331054688e-05
exaustive    | 5          | 75              | 1024             | 0.001607656478881836
greedy       | 6          | 12.5            | 2                | 3.147125244140625e-05
exaustive    | 6          | 12.5            | 80               | 8.511543273925781e-05
greedy       | 6          | 25              | 2                | 3.886222839355469e-05
exaustive    | 6          | 25              | 80               | 0.0011599063873291016
greedy       | 6          | 50              | 2                | 4.220008850097656e-05
exaustive    | 6          | 50              | 1024             | 0.0011513233184814453
greedy       | 6          | 75              | 2                | 5.0067901611328125e-05
exaustive    | 6          | 75              | 11264            | 0.015911579132080078
greedy       | 7          | 12.5            | 2                | 4.076957702636719e-05
exaustive    | 7          | 12.5            | 192              | 0.0003170967102050781
greedy       | 7          | 25              | 3                | 4.0531158447265625e-05
exaustive    | 7          | 25              | 192              | 0.00032067298889160156
greedy       | 7          | 50              | 3                | 4.649162292480469e-05
exaustive    | 7          | 50              | 5120             | 0.007200002670288086
greedy       | 7          | 75              | 3                | 6.222724914550781e-05
exaustive    | 7          | 75              | 524288           |   0.3713219165802002
greedy       | 8          | 12.5            | 2                | 3.910064697265625e-05
exaustive    | 8          | 12.5            | 448              | 0.0007774829864501953
greedy       | 8          | 25              | 3                | 2.8371810913085938e-05
exaustive    | 8          | 25              | 448              | 0.0005018711090087891
greedy       | 8          | 50              | 4                | 7.677078247070312e-05
exaustive    | 8          | 50              | 114688           |  0.11469197273254395
greedy       | 8          | 75              | 3                | 0.00010061264038085938
exaustive    | 8          | 75              | 22020096         |   13.391979694366455
greedy       | 9          | 12.5            | 3                |  4.9591064453125e-05
exaustive    | 9          | 12.5            | 1024             | 0.0018429756164550781
greedy       | 9          | 25              | 4                | 6.914138793945312e-05
exaustive    | 9          | 25              | 2304             | 0.0034193992614746094
greedy       | 9          | 50              | 4                | 9.417533874511719e-05
exaustive    | 9          | 50              | 2359296          |   1.5578858852386475
greedy       | 9          | 75              | 4                | 0.0001964569091796875
greedy       | 4          | 12.5            | 1                | 1.1682510375976562e-05
exaustive    | 4          | 12.5            | 2                |  1.1444091796875e-05
greedy       | 4          | 25              | 1                | 1.2636184692382812e-05
exaustive    | 4          | 25              | 1                | 1.1205673217773438e-05
greedy       | 4          | 50              | 1                | 2.5272369384765625e-05
exaustive    | 4          | 50              | 2                | 1.3589859008789062e-05
greedy       | 4          | 75              | 1                | 1.3113021850585938e-05
exaustive    | 4          | 75              | 2                | 1.3113021850585938e-05
greedy       | 5          | 12.5            | 2                | 2.2172927856445312e-05
exaustive    | 5          | 12.5            | 1                | 1.2636184692382812e-05
greedy       | 5          | 25              | 1                | 1.5974044799804688e-05
exaustive    | 5          | 25              | 2                | 1.33514404296875e-05
greedy       | 5          | 50              | 1                | 1.5735626220703125e-05
exaustive    | 5          | 50              | 1                | 1.1920928955078125e-05
greedy       | 5          | 75              | 2                |   2.288818359375e-05
exaustive    | 5          | 75              | 1                | 1.239776611328125e-05
greedy       | 6          | 12.5            | 2                |   2.288818359375e-05
exaustive    | 6          | 12.5            | 1                | 1.239776611328125e-05
greedy       | 6          | 25              | 2                | 2.1457672119140625e-05
exaustive    | 6          | 25              | 1                | 1.2874603271484375e-05
greedy       | 6          | 50              | 2                | 2.3603439331054688e-05
exaustive    | 6          | 50              | 1                | 1.33514404296875e-05
greedy       | 6          | 75              | 2                | 2.765655517578125e-05
exaustive    | 6          | 75              | 1                | 1.2636184692382812e-05
greedy       | 7          | 12.5            | 2                | 2.1219253540039062e-05
exaustive    | 7          | 12.5            | 1                | 1.239776611328125e-05
greedy       | 7          | 25              | 3                | 2.6941299438476562e-05
exaustive    | 7          | 25              | 1                | 1.33514404296875e-05
greedy       | 7          | 50              | 3                | 2.956390380859375e-05
exaustive    | 7          | 50              | 1                | 1.3589859008789062e-05
greedy       | 7          | 75              | 3                | 3.743171691894531e-05
exaustive    | 7          | 75              | 1                |  1.1444091796875e-05
greedy       | 8          | 12.5            | 2                | 2.4318695068359375e-05
exaustive    | 8          | 12.5            | 1                | 2.0265579223632812e-05
greedy       | 8          | 25              | 3                | 2.7894973754882812e-05
exaustive    | 8          | 25              | 1                | 1.33514404296875e-05
greedy       | 8          | 50              | 4                | 4.291534423828125e-05
exaustive    | 8          | 50              | 1                | 2.4318695068359375e-05
greedy       | 8          | 75              | 3                | 4.696846008300781e-05
exaustive    | 8          | 75              | 1                | 1.2874603271484375e-05
greedy       | 9          | 12.5            | 3                | 3.0279159545898438e-05
exaustive    | 9          | 12.5            | 1                | 1.1205673217773438e-05
greedy       | 9          | 25              | 4                |   3.814697265625e-05
exaustive    | 9          | 25              | 1                | 1.239776611328125e-05
greedy       | 9          | 50              | 4                | 6.794929504394531e-05
exaustive    | 9          | 50              | 1                | 1.6689300537109375e-05
greedy       | 9          | 75              | 4                | 6.413459777832031e-05
exaustive    | 9          | 75              | 1                | 1.4066696166992188e-05
greedy       | 10         | 12.5            | 4                | 3.5762786865234375e-05
exaustive    | 10         | 12.5            | 1                |  1.1444091796875e-05
greedy       | 10         | 25              | 4                | 3.981590270996094e-05
exaustive    | 10         | 25              | 1                | 1.3828277587890625e-05
greedy       | 10         | 50              | 4                | 5.459785461425781e-05
exaustive    | 10         | 50              | 1                | 1.5020370483398438e-05
greedy       | 10         | 75              | 5                | 8.535385131835938e-05
exaustive    | 10         | 75              | 1                | 2.0742416381835938e-05
greedy       | 11         | 12.5            | 4                | 4.4345855712890625e-05
exaustive    | 11         | 12.5            | 1                | 1.3113021850585938e-05
greedy       | 11         | 25              | 4                | 8.559226989746094e-05
exaustive    | 11         | 25              | 1                | 1.3828277587890625e-05
greedy       | 11         | 50              | 5                | 0.00015020370483398438
exaustive    | 11         | 50              | 1                | 1.5974044799804688e-05
greedy       | 11         | 75              | 5                | 0.00010538101196289062
exaustive    | 11         | 75              | 1                | 2.3603439331054688e-05
greedy       | 12         | 12.5            | 4                | 4.220008850097656e-05
exaustive    | 12         | 12.5            | 1                | 1.3589859008789062e-05
greedy       | 12         | 25              | 6                | 7.510185241699219e-05
exaustive    | 12         | 25              | 1                | 2.2411346435546875e-05
greedy       | 12         | 50              | 6                | 0.00011110305786132812
exaustive    | 12         | 50              | 1                | 2.4318695068359375e-05
greedy       | 12         | 75              | 6                | 0.00014352798461914062
exaustive    | 12         | 75              | 1                | 1.811981201171875e-05
greedy       | 13         | 12.5            | 6                | 9.322166442871094e-05
exaustive    | 13         | 12.5            | 1                | 1.4781951904296875e-05
greedy       | 13         | 25              | 5                | 0.00010585784912109375
exaustive    | 13         | 25              | 1                | 1.5497207641601562e-05
greedy       | 13         | 50              | 6                | 0.00023818016052246094
exaustive    | 13         | 50              | 1                | 2.47955322265625e-05
greedy       | 13         | 75              | 6                | 0.0004048347473144531
exaustive    | 13         | 75              | 1                | 1.8358230590820312e-05
greedy       | 14         | 12.5            | 6                | 7.82012939453125e-05
exaustive    | 14         | 12.5            | 1                | 1.430511474609375e-05
greedy       | 14         | 25              | 6                | 9.417533874511719e-05
exaustive    | 14         | 25              | 1                | 1.5497207641601562e-05
greedy       | 14         | 50              | 7                |  0.00016021728515625
exaustive    | 14         | 50              | 1                | 1.8835067749023438e-05
greedy       | 14         | 75              | 7                | 0.0002930164337158203
exaustive    | 14         | 75              | 1                | 2.384185791015625e-05
greedy       | 15         | 12.5            | 6                | 6.67572021484375e-05
exaustive    | 15         | 12.5            | 1                | 2.1457672119140625e-05
greedy       | 15         | 25              | 6                | 0.00010538101196289062
exaustive    | 15         | 25              | 1                | 2.1696090698242188e-05
greedy       | 15         | 50              | 6                | 0.00030875205993652344
exaustive    | 15         | 50              | 1                | 1.811981201171875e-05
greedy       | 15         | 75              | 7                | 0.0003876686096191406
exaustive    | 15         | 75              | 1                | 2.1219253540039062e-05
greedy       | 16         | 12.5            | 7                | 0.00019288063049316406
exaustive    | 16         | 12.5            | 1                | 1.71661376953125e-05
greedy       | 16         | 25              | 7                | 0.00019669532775878906
exaustive    | 16         | 25              | 1                | 2.2172927856445312e-05
greedy       | 16         | 50              | 7                | 0.0002117156982421875
exaustive    | 16         | 50              | 1                | 1.8596649169921875e-05
greedy       | 16         | 75              | 7                | 0.0003390312194824219
exaustive    | 16         | 75              | 1                | 2.4318695068359375e-05
greedy       | 17         | 12.5            | 7                | 9.489059448242188e-05
exaustive    | 17         | 12.5            | 1                | 2.193450927734375e-05
greedy       | 17         | 25              | 8                | 0.00019788742065429688
exaustive    | 17         | 25              | 1                | 1.5020370483398438e-05
greedy       | 17         | 50              | 8                | 0.0006902217864990234
exaustive    | 17         | 50              | 1                | 3.528594970703125e-05
greedy       | 17         | 75              | 8                | 0.0005965232849121094
exaustive    | 17         | 75              | 1                | 4.458427429199219e-05
greedy       | 18         | 12.5            | 7                | 9.942054748535156e-05
exaustive    | 18         | 12.5            | 1                | 1.4781951904296875e-05
greedy       | 18         | 25              | 7                | 0.000270843505859375
exaustive    | 18         | 25              | 1                | 1.6689300537109375e-05
greedy       | 18         | 50              | 9                | 0.00045943260192871094
exaustive    | 18         | 50              | 1                |  3.4332275390625e-05
greedy       | 18         | 75              | 8                | 0.0007128715515136719
exaustive    | 18         | 75              | 1                |  2.6702880859375e-05
greedy       | 19         | 12.5            | 6                | 0.00019693374633789062
exaustive    | 19         | 12.5            | 1                | 2.574920654296875e-05
greedy       | 19         | 25              | 8                | 0.00026488304138183594
exaustive    | 19         | 25              | 1                | 1.811981201171875e-05
greedy       | 19         | 50              | 9                | 0.0004372596740722656
exaustive    | 19         | 50              | 1                | 2.2411346435546875e-05
greedy       | 19         | 75              | 9                | 0.0006818771362304688
exaustive    | 19         | 75              | 1                | 2.765655517578125e-05
greedy       | 20         | 12.5            | 8                | 0.00025844573974609375
exaustive    | 20         | 12.5            | 1                | 1.4781951904296875e-05
greedy       | 20         | 25              | 8                | 0.0002319812774658203
exaustive    | 20         | 25              | 1                | 1.71661376953125e-05
greedy       | 20         | 50              | 9                | 0.0007135868072509766
exaustive    | 20         | 50              | 1                | 3.4809112548828125e-05
greedy       | 20         | 75              | 10               | 0.0009443759918212891
exaustive    | 20         | 75              | 1                | 2.8848648071289062e-05
greedy       | 21         | 12.5            | 9                | 0.0003581047058105469
exaustive    | 21         | 12.5            | 1                | 2.2411346435546875e-05
greedy       | 21         | 25              | 10               | 0.0003616809844970703
exaustive    | 21         | 25              | 1                | 1.9550323486328125e-05
greedy       | 21         | 50              | 10               | 0.0007686614990234375
exaustive    | 21         | 50              | 1                | 2.5033950805664062e-05
greedy       | 21         | 75              | 10               | 0.0011756420135498047
exaustive    | 21         | 75              | 1                | 3.075599670410156e-05
greedy       | 22         | 12.5            | 10               | 0.0002601146697998047
exaustive    | 22         | 12.5            | 1                | 1.5497207641601562e-05
greedy       | 22         | 25              | 9                |      0.0003662109375
exaustive    | 22         | 25              | 1                | 2.1457672119140625e-05
greedy       | 22         | 50              | 10               | 0.002167940139770508
exaustive    | 22         | 50              | 1                | 2.765655517578125e-05
greedy       | 22         | 75              | 10               | 0.002560853958129883
exaustive    | 22         | 75              | 1                | 3.218650817871094e-05
greedy       | 23         | 12.5            | 9                | 0.00030612945556640625
exaustive    | 23         | 12.5            | 1                | 2.1696090698242188e-05
greedy       | 23         | 25              | 10               | 0.0008406639099121094
exaustive    | 23         | 25              | 1                | 1.8358230590820312e-05
greedy       | 23         | 50              | 11               | 0.0024290084838867188
exaustive    | 23         | 50              | 1                | 5.173683166503906e-05
greedy       | 23         | 75              | 11               | 0.0015158653259277344
exaustive    | 23         | 75              | 1                | 3.170967102050781e-05
greedy       | 24         | 12.5            | 9                | 0.0002346038818359375
exaustive    | 24         | 12.5            | 1                | 1.5497207641601562e-05
greedy       | 24         | 25              | 12               | 0.0006458759307861328
exaustive    | 24         | 25              | 1                | 1.9788742065429688e-05
greedy       | 24         | 50              | 11               | 0.0010895729064941406
exaustive    | 24         | 50              | 1                | 2.8133392333984375e-05
greedy       | 24         | 75              | 12               | 0.0018954277038574219
exaustive    | 24         | 75              | 1                | 3.1948089599609375e-05
greedy       | 25         | 12.5            | 10               | 0.0005147457122802734
exaustive    | 25         | 12.5            | 1                |    1.52587890625e-05
greedy       | 25         | 25              | 12               | 0.0012750625610351562
exaustive    | 25         | 25              | 1                |     3.0517578125e-05
greedy       | 25         | 50              | 12               | 0.002123117446899414
exaustive    | 25         | 50              | 1                | 2.8848648071289062e-05
greedy       | 25         | 75              | 12               | 0.0024497509002685547
exaustive    | 25         | 75              | 1                | 6.937980651855469e-05
greedy       | 26         | 12.5            | 11               | 0.0004062652587890625
exaustive    | 26         | 12.5            | 1                | 2.5033950805664062e-05
greedy       | 26         | 25              | 12               | 0.0008170604705810547
exaustive    | 26         | 25              | 1                | 4.2438507080078125e-05
greedy       | 26         | 50              | 12               | 0.004871368408203125
exaustive    | 26         | 50              | 1                | 3.170967102050781e-05
greedy       | 26         | 75              | 13               | 0.002648591995239258
exaustive    | 26         | 75              | 1                | 3.886222839355469e-05
greedy       | 27         | 12.5            | 12               | 0.0005314350128173828
exaustive    | 27         | 12.5            | 1                | 1.9311904907226562e-05
greedy       | 27         | 25              | 12               |  0.00324249267578125
exaustive    | 27         | 25              | 1                | 4.076957702636719e-05
greedy       | 27         | 50              | 13               | 0.0018661022186279297
exaustive    | 27         | 50              | 1                |     3.0517578125e-05
greedy       | 27         | 75              | 13               | 0.0039348602294921875
exaustive    | 27         | 75              | 1                | 6.914138793945312e-05
greedy       | 28         | 12.5            | 13               | 0.0006954669952392578
exaustive    | 28         | 12.5            | 1                | 1.8358230590820312e-05
greedy       | 28         | 25              | 14               | 0.001018524169921875
exaustive    | 28         | 25              | 1                | 4.2438507080078125e-05
greedy       | 28         | 50              | 14               | 0.006095170974731445
exaustive    | 28         | 50              | 1                | 3.1948089599609375e-05
greedy       | 28         | 75              | 13               | 0.003578662872314453
exaustive    | 28         | 75              | 1                |  4.1961669921875e-05
greedy       | 29         | 12.5            | 13               | 0.000957489013671875
exaustive    | 29         | 12.5            | 1                | 2.9087066650390625e-05
greedy       | 29         | 25              | 13               | 0.0011653900146484375
exaustive    | 29         | 25              | 1                | 2.6226043701171875e-05
greedy       | 29         | 50              | 14               | 0.0041501522064208984
exaustive    | 29         | 50              | 1                | 6.818771362304688e-05
greedy       | 29         | 75              | 14               | 0.004180431365966797
exaustive    | 29         | 75              | 1                | 4.0531158447265625e-05
greedy       | 30         | 12.5            | 12               | 0.0004703998565673828
exaustive    | 30         | 12.5            | 1                | 1.8835067749023438e-05
greedy       | 30         | 25              | 13               | 0.0014715194702148438
exaustive    | 30         | 25              | 1                | 4.6253204345703125e-05
greedy       | 30         | 50              | 15               | 0.006002664566040039
exaustive    | 30         | 50              | 1                | 3.886222839355469e-05
greedy       | 30         | 75              | 15               | 0.005707502365112305
exaustive    | 30         | 75              | 1                | 0.00010204315185546875
greedy       | 31         | 12.5            | 13               | 0.0007534027099609375
exaustive    | 31         | 12.5            | 1                | 1.9788742065429688e-05
greedy       | 31         | 25              | 14               | 0.0018336772918701172
exaustive    | 31         | 25              | 1                | 4.673004150390625e-05
greedy       | 31         | 50              | 15               | 0.005490779876708984
exaustive    | 31         | 50              | 1                | 7.081031799316406e-05
greedy       | 31         | 75              | 14               | 0.008254766464233398
exaustive    | 31         | 75              | 1                | 5.078315734863281e-05
greedy       | 32         | 12.5            | 14               | 0.0009567737579345703
exaustive    | 32         | 12.5            | 1                | 3.910064697265625e-05
greedy       | 32         | 25              | 16               | 0.0018875598907470703
exaustive    | 32         | 25              | 1                | 4.38690185546875e-05
greedy       | 32         | 50              | 15               |  0.00664830207824707
exaustive    | 32         | 50              | 1                | 6.651878356933594e-05
greedy       | 32         | 75              | 15               | 0.009180307388305664
exaustive    | 32         | 75              | 1                | 0.00011157989501953125
greedy       | 33         | 12.5            | 14               | 0.001001596450805664
exaustive    | 33         | 12.5            | 1                | 3.147125244140625e-05
greedy       | 33         | 25              | 16               | 0.0032868385314941406
exaustive    | 33         | 25              | 1                | 3.2901763916015625e-05
greedy       | 33         | 50              | 16               | 0.005244016647338867
exaustive    | 33         | 50              | 1                | 4.2438507080078125e-05
greedy       | 33         | 75              | 16               | 0.0072247982025146484
exaustive    | 33         | 75              | 1                | 5.459785461425781e-05
greedy       | 34         | 12.5            | 14               | 0.0010859966278076172
exaustive    | 34         | 12.5            | 1                | 2.1696090698242188e-05
greedy       | 34         | 25              | 16               | 0.0037326812744140625
exaustive    | 34         | 25              | 1                | 4.863739013671875e-05
greedy       | 34         | 50              | 16               | 0.010564565658569336
exaustive    | 34         | 50              | 1                | 4.315376281738281e-05
greedy       | 34         | 75              | 17               | 0.012225866317749023
exaustive    | 34         | 75              | 1                | 5.2928924560546875e-05
greedy       | 35         | 12.5            | 15               | 0.001283884048461914
exaustive    | 35         | 12.5            | 1                | 2.1457672119140625e-05
greedy       | 35         | 25              | 16               | 0.002306222915649414
exaustive    | 35         | 25              | 1                | 3.218650817871094e-05
greedy       | 35         | 50              | 17               | 0.009287834167480469
exaustive    | 35         | 50              | 1                | 8.177757263183594e-05
greedy       | 35         | 75              | 17               |  0.01132512092590332
exaustive    | 35         | 75              | 1                | 0.00015807151794433594
greedy       | 36         | 12.5            | 15               | 0.0021173954010009766
exaustive    | 36         | 12.5            | 1                | 2.3126602172851562e-05
greedy       | 36         | 25              | 17               | 0.0063304901123046875
exaustive    | 36         | 25              | 1                | 3.409385681152344e-05
greedy       | 36         | 50              | 17               | 0.012614250183105469
exaustive    | 36         | 50              | 1                |  9.5367431640625e-05
greedy       | 36         | 75              | 18               | 0.023028135299682617
exaustive    | 36         | 75              | 1                | 6.699562072753906e-05
greedy       | 37         | 12.5            | 16               | 0.002279520034790039
exaustive    | 37         | 12.5            | 1                |  2.6702880859375e-05
greedy       | 37         | 25              | 18               | 0.005174875259399414
exaustive    | 37         | 25              | 1                | 3.0994415283203125e-05
greedy       | 37         | 50              | 18               | 0.014765262603759766
exaustive    | 37         | 50              | 1                | 4.673004150390625e-05
greedy       | 37         | 75              | 18               | 0.019035816192626953
exaustive    | 37         | 75              | 1                | 0.0001556873321533203
greedy       | 38         | 12.5            | 17               |  0.00174713134765625
exaustive    | 38         | 12.5            | 1                | 4.100799560546875e-05
greedy       | 38         | 25              | 18               | 0.005198001861572266
exaustive    | 38         | 25              | 1                | 7.43865966796875e-05
greedy       | 38         | 50              | 18               | 0.015511035919189453
exaustive    | 38         | 50              | 1                | 5.3882598876953125e-05
greedy       | 38         | 75              | 19               | 0.022397756576538086
exaustive    | 38         | 75              | 1                | 6.580352783203125e-05
greedy       | 39         | 12.5            | 15               | 0.0018205642700195312
exaustive    | 39         | 12.5            | 1                | 2.574920654296875e-05
greedy       | 39         | 25              | 17               | 0.008538484573364258
exaustive    | 39         | 25              | 1                | 3.552436828613281e-05
greedy       | 39         | 50              | 19               |  0.01576685905456543
exaustive    | 39         | 50              | 1                |  4.9591064453125e-05
greedy       | 39         | 75              | 19               | 0.025450944900512695
exaustive    | 39         | 75              | 1                | 7.295608520507812e-05
greedy       | 40         | 12.5            | 16               | 0.003397703170776367
exaustive    | 40         | 12.5            | 1                | 6.961822509765625e-05
greedy       | 40         | 25              | 19               | 0.0050466060638427734
exaustive    | 40         | 25              | 1                | 7.081031799316406e-05
greedy       | 40         | 50              | 20               | 0.021611690521240234
exaustive    | 40         | 50              | 1                | 0.00011754035949707031
greedy       | 40         | 75              | 19               | 0.027336597442626953
exaustive    | 40         | 75              | 1                | 6.747245788574219e-05
greedy       | 41         | 12.5            | 17               |  0.00264739990234375
exaustive    | 41         | 12.5            | 1                | 2.6226043701171875e-05
greedy       | 41         | 25              | 19               | 0.005225419998168945
exaustive    | 41         | 25              | 1                | 7.653236389160156e-05
greedy       | 41         | 50              | 20               |   0.0242464542388916
exaustive    | 41         | 50              | 1                | 5.5789947509765625e-05
greedy       | 41         | 75              | 20               |  0.03372979164123535
exaustive    | 41         | 75              | 1                | 0.00014328956604003906
greedy       | 42         | 12.5            | 19               | 0.009475231170654297
exaustive    | 42         | 12.5            | 1                | 2.6464462280273438e-05
greedy       | 42         | 25              | 20               | 0.005606889724731445
exaustive    | 42         | 25              | 1                | 7.700920104980469e-05
greedy       | 42         | 50              | 20               |  0.02243947982788086
exaustive    | 42         | 50              | 1                | 5.269050598144531e-05
greedy       | 42         | 75              | 21               | 0.044441938400268555
exaustive    | 42         | 75              | 1                | 7.700920104980469e-05
greedy       | 43         | 12.5            | 19               | 0.003970146179199219
exaustive    | 43         | 12.5            | 1                | 2.8133392333984375e-05
greedy       | 43         | 25              | 21               | 0.010345220565795898
exaustive    | 43         | 25              | 1                | 3.886222839355469e-05
greedy       | 43         | 50              | 21               | 0.030083656311035156
exaustive    | 43         | 50              | 1                | 5.53131103515625e-05
greedy       | 43         | 75              | 21               |  0.04579281806945801
exaustive    | 43         | 75              | 1                |    7.62939453125e-05
greedy       | 44         | 12.5            | 19               | 0.0027277469635009766
exaustive    | 44         | 12.5            | 1                |     3.0517578125e-05
greedy       | 44         | 25              | 21               | 0.007354021072387695
exaustive    | 44         | 25              | 1                | 3.886222839355469e-05
greedy       | 44         | 50              | 21               | 0.030424833297729492
exaustive    | 44         | 50              | 1                | 5.7697296142578125e-05
greedy       | 44         | 75              | 22               | 0.048174142837524414
exaustive    | 44         | 75              | 1                | 7.748603820800781e-05
greedy       | 45         | 12.5            | 20               | 0.0038313865661621094
exaustive    | 45         | 12.5            | 1                | 2.7894973754882812e-05
greedy       | 45         | 25              | 22               |  0.08183622360229492
exaustive    | 45         | 25              | 1                | 6.413459777832031e-05
greedy       | 45         | 50              | 22               | 0.021564006805419922
exaustive    | 45         | 50              | 1                | 6.532669067382812e-05
greedy       | 45         | 75              | 22               |   0.0542140007019043
exaustive    | 45         | 75              | 1                | 8.344650268554688e-05
greedy       | 46         | 12.5            | 19               | 0.004886150360107422
exaustive    | 46         | 12.5            | 1                | 2.7179718017578125e-05
greedy       | 46         | 25              | 21               | 0.011968851089477539
exaustive    | 46         | 25              | 1                | 4.124641418457031e-05
greedy       | 46         | 50              | 23               |  0.07409071922302246
exaustive    | 46         | 50              | 1                | 6.628036499023438e-05
greedy       | 46         | 75              | 23               |  0.05814027786254883
exaustive    | 46         | 75              | 1                | 8.511543273925781e-05
greedy       | 47         | 12.5            | 22               | 0.0068378448486328125
exaustive    | 47         | 12.5            | 1                | 2.8371810913085938e-05
greedy       | 47         | 25              | 21               | 0.013340950012207031
exaustive    | 47         | 25              | 1                | 4.649162292480469e-05
greedy       | 47         | 50              | 22               | 0.031972408294677734
exaustive    | 47         | 50              | 1                | 7.176399230957031e-05
greedy       | 47         | 75              | 23               |  0.05290865898132324
exaustive    | 47         | 75              | 1                | 0.00010585784912109375
greedy       | 48         | 12.5            | 22               | 0.008953094482421875
exaustive    | 48         | 12.5            | 1                |  3.4332275390625e-05
greedy       | 48         | 25              | 24               | 0.023533105850219727
exaustive    | 48         | 25              | 1                | 4.506111145019531e-05
greedy       | 48         | 50              | 23               | 0.045247554779052734
exaustive    | 48         | 50              | 1                | 6.723403930664062e-05
greedy       | 48         | 75              | 24               |  0.08780908584594727
exaustive    | 48         | 75              | 1                | 9.822845458984375e-05
greedy       | 49         | 12.5            | 22               |  0.01013946533203125
exaustive    | 49         | 12.5            | 1                | 3.170967102050781e-05
greedy       | 49         | 25              | 23               | 0.019670724868774414
exaustive    | 49         | 25              | 1                | 4.482269287109375e-05
greedy       | 49         | 50              | 23               |  0.03712105751037598
exaustive    | 49         | 50              | 1                | 6.818771362304688e-05
greedy       | 49         | 75              | 24               |  0.07117772102355957
exaustive    | 49         | 75              | 1                | 0.000125885009765625
greedy       | 50         | 12.5            | 22               | 0.011548995971679688
exaustive    | 50         | 12.5            | 1                | 3.170967102050781e-05
greedy       | 50         | 25              | 22               | 0.019716978073120117
exaustive    | 50         | 25              | 1                | 4.482269287109375e-05
greedy       | 50         | 50              | 24               |  0.04506659507751465
exaustive    | 50         | 50              | 1                | 6.985664367675781e-05
greedy       | 50         | 75              | 25               |   0.0736246109008789
exaustive    | 50         | 75              | 1                | 0.00011587142944335938
greedy       | 51         | 12.5            | 23               |  0.00853419303894043
exaustive    | 51         | 12.5            | 1                | 3.314018249511719e-05
greedy       | 51         | 25              | 24               | 0.026684045791625977
exaustive    | 51         | 25              | 1                | 4.38690185546875e-05
greedy       | 51         | 50              | 25               |  0.03932785987854004
exaustive    | 51         | 50              | 1                |  7.2479248046875e-05
greedy       | 51         | 75              | 25               |  0.08728504180908203
exaustive    | 51         | 75              | 1                | 0.0001628398895263672
greedy       | 52         | 12.5            | 23               | 0.015073060989379883
exaustive    | 52         | 12.5            | 1                | 3.5762786865234375e-05
greedy       | 52         | 25              | 24               | 0.020917654037475586
exaustive    | 52         | 25              | 1                | 5.745887756347656e-05
greedy       | 52         | 50              | 25               |   0.0555875301361084
exaustive    | 52         | 50              | 1                | 8.368492126464844e-05
greedy       | 52         | 75              | 25               |  0.09302186965942383
exaustive    | 52         | 75              | 1                | 0.0001201629638671875
greedy       | 53         | 12.5            | 25               |  0.01656317710876465
exaustive    | 53         | 12.5            | 1                | 3.6716461181640625e-05
greedy       | 53         | 25              | 26               | 0.025632858276367188
exaustive    | 53         | 25              | 1                | 4.863739013671875e-05
greedy       | 53         | 50              | 26               |  0.05529189109802246
exaustive    | 53         | 50              | 1                | 7.796287536621094e-05
greedy       | 53         | 75              | 26               |  0.11310505867004395
exaustive    | 53         | 75              | 1                | 0.00011610984802246094
greedy       | 54         | 12.5            | 24               |  0.02021336555480957
exaustive    | 54         | 12.5            | 1                | 3.409385681152344e-05
greedy       | 54         | 25              | 25               |  0.03276777267456055
exaustive    | 54         | 25              | 1                | 5.14984130859375e-05
greedy       | 54         | 50              | 27               |  0.06409549713134766
exaustive    | 54         | 50              | 1                | 7.987022399902344e-05
greedy       | 54         | 75              | 27               |   0.1341533660888672
exaustive    | 54         | 75              | 1                | 0.0001347064971923828
greedy       | 55         | 12.5            | 26               | 0.018154382705688477
exaustive    | 55         | 12.5            | 1                | 3.8623809814453125e-05
greedy       | 4          | 12.5            | 1                | 1.239776611328125e-05
exaustive    | 4          | 12.5            | 2                | 3.123283386230469e-05
greedy       | 4          | 25              | 1                | 1.6927719116210938e-05
exaustive    | 4          | 25              | 1                | 4.2438507080078125e-05
greedy       | 4          | 50              | 1                | 2.6941299438476562e-05
exaustive    | 4          | 50              | 2                |  3.4332275390625e-05
greedy       | 4          | 75              | 1                | 1.6689300537109375e-05
exaustive    | 4          | 75              | 2                |  4.9591064453125e-05
greedy       | 5          | 12.5            | 2                | 3.2901763916015625e-05
exaustive    | 5          | 12.5            | 1                | 3.2901763916015625e-05
greedy       | 5          | 25              | 1                | 1.5974044799804688e-05
exaustive    | 5          | 25              | 2                | 3.314018249511719e-05
greedy       | 5          | 50              | 1                | 1.811981201171875e-05
exaustive    | 5          | 50              | 1                | 4.124641418457031e-05
greedy       | 5          | 75              | 2                | 2.4557113647460938e-05
exaustive    | 5          | 75              | 1                |  3.4332275390625e-05
greedy       | 6          | 12.5            | 2                | 2.3126602172851562e-05
exaustive    | 6          | 12.5            | 1                | 3.314018249511719e-05
greedy       | 6          | 25              | 2                | 2.3126602172851562e-05
exaustive    | 6          | 25              | 1                | 3.075599670410156e-05
greedy       | 6          | 50              | 2                | 2.9087066650390625e-05
exaustive    | 6          | 50              | 1                | 3.266334533691406e-05
greedy       | 6          | 75              | 2                | 3.0994415283203125e-05
exaustive    | 6          | 75              | 1                | 3.504753112792969e-05
greedy       | 7          | 12.5            | 2                | 3.743171691894531e-05
exaustive    | 7          | 12.5            | 1                | 3.62396240234375e-05
greedy       | 7          | 25              | 3                | 2.8848648071289062e-05
exaustive    | 7          | 25              | 1                | 3.2901763916015625e-05
greedy       | 7          | 50              | 3                | 3.409385681152344e-05
exaustive    | 7          | 50              | 1                | 3.24249267578125e-05
greedy       | 7          | 75              | 3                | 0.00011301040649414062
exaustive    | 7          | 75              | 1                | 3.314018249511719e-05
greedy       | 8          | 12.5            | 2                | 2.5987625122070312e-05
exaustive    | 8          | 12.5            | 1                | 2.9087066650390625e-05
greedy       | 8          | 25              | 3                | 2.8371810913085938e-05
exaustive    | 8          | 25              | 1                | 2.8848648071289062e-05
greedy       | 8          | 50              | 4                | 5.8650970458984375e-05
exaustive    | 8          | 50              | 1                | 3.337860107421875e-05
greedy       | 8          | 75              | 3                | 5.316734313964844e-05
exaustive    | 8          | 75              | 1                | 3.24249267578125e-05
greedy       | 9          | 12.5            | 3                | 5.7697296142578125e-05
exaustive    | 9          | 12.5            | 1                | 3.552436828613281e-05
greedy       | 9          | 25              | 4                | 4.00543212890625e-05
exaustive    | 9          | 25              | 1                | 3.123283386230469e-05
greedy       | 9          | 50              | 4                | 5.0067901611328125e-05
exaustive    | 9          | 50              | 1                | 3.075599670410156e-05
greedy       | 9          | 75              | 4                | 6.389617919921875e-05
exaustive    | 9          | 75              | 1                | 3.2901763916015625e-05
greedy       | 10         | 12.5            | 4                | 3.9577484130859375e-05
exaustive    | 10         | 12.5            | 1                | 2.9802322387695312e-05
greedy       | 10         | 25              | 4                | 4.1484832763671875e-05
exaustive    | 10         | 25              | 1                | 3.337860107421875e-05
greedy       | 10         | 50              | 4                | 5.650520324707031e-05
exaustive    | 10         | 50              | 1                | 2.86102294921875e-05
greedy       | 10         | 75              | 5                | 9.036064147949219e-05
exaustive    | 10         | 75              | 1                | 3.218650817871094e-05
greedy       | 11         | 12.5            | 4                | 4.553794860839844e-05
exaustive    | 11         | 12.5            | 1                | 2.86102294921875e-05
greedy       | 11         | 25              | 4                | 5.125999450683594e-05
exaustive    | 11         | 25              | 1                | 3.170967102050781e-05
greedy       | 11         | 50              | 5                | 8.440017700195312e-05
exaustive    | 11         | 50              | 1                | 3.075599670410156e-05
greedy       | 11         | 75              | 5                | 0.0001087188720703125
exaustive    | 11         | 75              | 1                | 3.24249267578125e-05
greedy       | 12         | 12.5            | 4                | 4.2438507080078125e-05
exaustive    | 12         | 12.5            | 1                | 2.9087066650390625e-05
greedy       | 12         | 25              | 6                |  7.2479248046875e-05
exaustive    | 12         | 25              | 1                | 3.552436828613281e-05
greedy       | 12         | 50              | 6                | 0.00010943412780761719
exaustive    | 12         | 50              | 1                | 4.38690185546875e-05
greedy       | 12         | 75              | 6                | 0.0001957416534423828
exaustive    | 12         | 75              | 1                | 3.647804260253906e-05
greedy       | 13         | 12.5            | 6                |   6.866455078125e-05
greedy       | 4          | 12.5            | 1                | 1.0967254638671875e-05
exaustive    | 4          | 12.5            | 2                | 8.320808410644531e-05
greedy       | 4          | 25              | 1                | 1.3113021850585938e-05
exaustive    | 4          | 25              | 1                | 4.410743713378906e-05
greedy       | 4          | 50              | 1                | 1.3113021850585938e-05
exaustive    | 4          | 50              | 2                | 3.647804260253906e-05
greedy       | 4          | 75              | 1                | 1.2874603271484375e-05
exaustive    | 4          | 75              | 2                | 6.031990051269531e-05
greedy       | 5          | 12.5            | 2                | 1.71661376953125e-05
exaustive    | 5          | 12.5            | 1                | 5.173683166503906e-05
greedy       | 5          | 25              | 1                | 1.430511474609375e-05
exaustive    | 5          | 25              | 2                | 4.220008850097656e-05
greedy       | 5          | 50              | 1                | 2.956390380859375e-05
exaustive    | 5          | 50              | 1                |   3.814697265625e-05
greedy       | 5          | 75              | 2                | 2.1457672119140625e-05
exaustive    | 5          | 75              | 1                | 3.743171691894531e-05
greedy       | 6          | 12.5            | 2                | 3.314018249511719e-05
exaustive    | 6          | 12.5            | 1                | 3.1948089599609375e-05
greedy       | 6          | 25              | 2                | 1.811981201171875e-05
exaustive    | 6          | 25              | 1                | 3.552436828613281e-05
greedy       | 6          | 50              | 2                | 2.4318695068359375e-05
exaustive    | 6          | 50              | 1                | 3.600120544433594e-05
greedy       | 4          | 12.5            | 1                | 1.2159347534179688e-05
exaustive    | 4          | 12.5            | 1                | 5.698204040527344e-05
greedy       | 4          | 25              | 1                | 2.0265579223632812e-05
exaustive    | 4          | 25              | 2                | 3.457069396972656e-05
greedy       | 4          | 50              | 1                | 1.2636184692382812e-05
exaustive    | 4          | 50              | 1                | 3.457069396972656e-05
greedy       | 4          | 75              | 1                | 1.4066696166992188e-05
exaustive    | 4          | 75              | 1                | 3.933906555175781e-05
greedy       | 5          | 12.5            | 2                | 1.7642974853515625e-05
exaustive    | 5          | 12.5            | 6                | 5.221366882324219e-05
greedy       | 5          | 25              | 1                | 1.3589859008789062e-05
exaustive    | 5          | 25              | 1                | 3.170967102050781e-05
greedy       | 5          | 50              | 1                | 1.3828277587890625e-05
exaustive    | 5          | 50              | 2                | 3.790855407714844e-05
greedy       | 5          | 75              | 2                | 2.1219253540039062e-05
exaustive    | 5          | 75              | 14               | 6.604194641113281e-05
greedy       | 6          | 12.5            | 2                | 2.3126602172851562e-05
exaustive    | 6          | 12.5            | 11               | 5.53131103515625e-05
greedy       | 6          | 25              | 2                | 2.9087066650390625e-05
exaustive    | 6          | 25              | 19               | 7.700920104980469e-05
greedy       | 6          | 50              | 2                | 2.1696090698242188e-05
exaustive    | 6          | 50              | 18               | 8.20159912109375e-05
greedy       | 6          | 75              | 2                | 2.5510787963867188e-05
exaustive    | 6          | 75              | 27               | 0.00011372566223144531
greedy       | 7          | 12.5            | 2                | 5.91278076171875e-05
exaustive    | 7          | 12.5            | 8                | 6.270408630371094e-05
greedy       | 7          | 25              | 3                | 3.647804260253906e-05
exaustive    | 7          | 25              | 54               | 0.00014257431030273438
greedy       | 7          | 50              | 3                | 2.86102294921875e-05
exaustive    | 7          | 50              | 42               | 0.00014591217041015625
greedy       | 7          | 75              | 3                | 3.528594970703125e-05
exaustive    | 7          | 75              | 289              | 0.0009708404541015625
greedy       | 8          | 12.5            | 2                | 2.3365020751953125e-05
exaustive    | 8          | 12.5            | 15               | 6.937980651855469e-05
greedy       | 8          | 25              | 3                | 2.6464462280273438e-05
exaustive    | 8          | 25              | 58               | 0.00019359588623046875
greedy       | 8          | 50              | 4                | 4.00543212890625e-05
exaustive    | 8          | 50              | 214              | 0.001481771469116211
greedy       | 8          | 75              | 3                | 4.315376281738281e-05
exaustive    | 8          | 75              | 894              |  0.00477910041809082
greedy       | 9          | 12.5            | 3                | 5.4836273193359375e-05
exaustive    | 9          | 12.5            | 42               | 0.00018286705017089844
greedy       | 9          | 25              | 4                | 3.5762786865234375e-05
exaustive    | 9          | 25              | 129              | 0.0005230903625488281
greedy       | 9          | 50              | 4                | 4.3392181396484375e-05
exaustive    | 9          | 50              | 759              | 0.002108335494995117
greedy       | 9          | 75              | 4                | 5.793571472167969e-05
exaustive    | 9          | 75              | 2274             |  0.01577305793762207
greedy       | 10         | 12.5            | 4                | 6.914138793945312e-05
exaustive    | 10         | 12.5            | 219              | 0.0010097026824951172
greedy       | 10         | 25              | 4                | 3.719329833984375e-05
exaustive    | 10         | 25              | 208              | 0.0007410049438476562
greedy       | 10         | 50              | 4                | 5.412101745605469e-05
exaustive    | 10         | 50              | 2917             |  0.01775050163269043
greedy       | 10         | 75              | 5                | 0.0001049041748046875
exaustive    | 10         | 75              | 35428            |   0.4141044616699219
greedy       | 11         | 12.5            | 4                | 6.961822509765625e-05
exaustive    | 11         | 12.5            | 848              | 0.0037648677825927734
greedy       | 11         | 25              | 4                | 7.224082946777344e-05
exaustive    | 11         | 25              | 676              | 0.0038106441497802734
greedy       | 11         | 50              | 5                | 7.843971252441406e-05
exaustive    | 11         | 50              | 12800            |  0.07930731773376465
greedy       | 11         | 75              | 5                | 0.00010752677917480469
exaustive    | 11         | 75              | 61161            |   0.9104597568511963
greedy       | 12         | 12.5            | 4                | 0.00010442733764648438
exaustive    | 12         | 12.5            | 704              |  0.00255584716796875
greedy       | 12         | 25              | 6                | 7.414817810058594e-05
exaustive    | 12         | 25              | 3236             | 0.010605335235595703
greedy       | 12         | 50              | 6                | 0.0002689361572265625
exaustive    | 12         | 50              | 31789            |  0.44807887077331543
greedy       | 4          | 12.5            | 1                | 1.621246337890625e-05
exaustive    | 4          | 12.5            | 1                | 1.1920928955078125e-05
greedy       | 4          | 25              | 1                | 2.384185791015625e-05
exaustive    | 4          | 25              | 2                | 1.2874603271484375e-05
greedy       | 4          | 50              | 1                | 1.4781951904296875e-05
exaustive    | 4          | 50              | 1                |    1.52587890625e-05
greedy       | 4          | 75              | 1                | 1.5020370483398438e-05
exaustive    | 4          | 75              | 1                | 1.2874603271484375e-05
greedy       | 5          | 12.5            | 2                | 1.9550323486328125e-05
exaustive    | 5          | 12.5            | 6                | 1.6450881958007812e-05
greedy       | 5          | 25              | 1                | 1.5497207641601562e-05
exaustive    | 5          | 25              | 1                | 1.430511474609375e-05
greedy       | 5          | 50              | 1                | 1.6689300537109375e-05
exaustive    | 5          | 50              | 2                | 1.2636184692382812e-05
greedy       | 5          | 75              | 2                | 2.47955322265625e-05
exaustive    | 5          | 75              | 14               | 2.5272369384765625e-05
greedy       | 6          | 12.5            | 2                |   2.288818359375e-05
exaustive    | 6          | 12.5            | 11               | 2.09808349609375e-05
greedy       | 6          | 25              | 2                | 2.3126602172851562e-05
exaustive    | 6          | 25              | 19               | 2.47955322265625e-05
greedy       | 6          | 50              | 2                | 2.6226043701171875e-05
exaustive    | 6          | 50              | 18               | 2.9087066650390625e-05
greedy       | 6          | 75              | 2                | 4.220008850097656e-05
exaustive    | 6          | 75              | 27               | 3.886222839355469e-05
greedy       | 7          | 12.5            | 2                | 2.2649765014648438e-05
exaustive    | 7          | 12.5            | 8                | 1.811981201171875e-05
greedy       | 7          | 25              | 3                | 2.8133392333984375e-05
exaustive    | 7          | 25              | 54               | 4.863739013671875e-05
greedy       | 7          | 50              | 3                | 3.266334533691406e-05
exaustive    | 7          | 50              | 42               | 5.316734313964844e-05
greedy       | 7          | 75              | 3                | 3.8623809814453125e-05
exaustive    | 7          | 75              | 289              | 0.0003533363342285156
greedy       | 8          | 12.5            | 2                | 3.695487976074219e-05
exaustive    | 8          | 12.5            | 15               |   2.288818359375e-05
greedy       | 8          | 25              | 3                | 2.574920654296875e-05
exaustive    | 8          | 25              | 58               | 5.3882598876953125e-05
greedy       | 8          | 50              | 4                | 4.029273986816406e-05
exaustive    | 8          | 50              | 214              | 0.00028967857360839844
greedy       | 8          | 75              | 3                | 5.626678466796875e-05
exaustive    | 8          | 75              | 894              | 0.0015566349029541016
greedy       | 9          | 12.5            | 3                | 3.8623809814453125e-05
exaustive    | 9          | 12.5            | 42               | 4.553794860839844e-05
greedy       | 9          | 25              | 4                | 3.933906555175781e-05
exaustive    | 9          | 25              | 129              | 0.00012230873107910156
greedy       | 9          | 50              | 4                | 0.00011301040649414062
exaustive    | 9          | 50              | 759              | 0.0011878013610839844
greedy       | 9          | 75              | 4                |  6.4849853515625e-05
exaustive    | 9          | 75              | 2274             |  0.00577092170715332
greedy       | 10         | 12.5            | 4                | 6.651878356933594e-05
exaustive    | 10         | 12.5            | 219              | 0.00017952919006347656
greedy       | 10         | 25              | 4                | 3.886222839355469e-05
exaustive    | 10         | 25              | 208              | 0.00024390220642089844
greedy       | 10         | 50              | 4                | 8.726119995117188e-05
exaustive    | 10         | 50              | 2917             | 0.004151105880737305
greedy       | 10         | 75              | 5                | 0.00013518333435058594
exaustive    | 10         | 75              | 35428            |  0.07847261428833008
greedy       | 11         | 12.5            | 4                | 5.936622619628906e-05
exaustive    | 11         | 12.5            | 848              | 0.0006856918334960938
greedy       | 11         | 25              | 4                | 8.749961853027344e-05
exaustive    | 11         | 25              | 676              | 0.0009748935699462891
greedy       | 11         | 50              | 5                | 0.0001704692840576172
exaustive    | 11         | 50              | 12800            |  0.04560232162475586
greedy       | 11         | 75              | 5                | 0.00010585784912109375
exaustive    | 11         | 75              | 61161            |  0.14566564559936523
greedy       | 12         | 12.5            | 4                | 0.000118255615234375
exaustive    | 12         | 12.5            | 704              | 0.0008845329284667969
greedy       | 12         | 25              | 6                | 0.00016760826110839844
exaustive    | 12         | 25              | 3236             | 0.009076118469238281
greedy       | 12         | 50              | 6                | 0.00023794174194335938
exaustive    | 12         | 50              | 31789            |  0.07312774658203125
greedy       | 12         | 75              | 6                | 0.0001385211944580078
exaustive    | 12         | 75              | 1041095          |   2.8174686431884766
greedy       | 13         | 12.5            | 6                | 0.00010800361633300781
exaustive    | 13         | 12.5            | 1168             | 0.0011036396026611328
greedy       | 13         | 25              | 5                | 0.00012731552124023438
exaustive    | 13         | 25              | 6404             | 0.008750200271606445
greedy       | 13         | 50              | 6                | 0.0001354217529296875
exaustive    | 13         | 50              | 378122           |   0.8570773601531982
greedy       | 13         | 75              | 6                | 0.00018358230590820312
exaustive    | 13         | 75              | 3255902          |    9.749309062957764
greedy       | 14         | 12.5            | 6                |  0.00011444091796875
exaustive    | 14         | 12.5            | 2895             | 0.005292415618896484
greedy       | 14         | 25              | 6                | 0.00017380714416503906
exaustive    | 14         | 25              | 10450            | 0.015882253646850586
greedy       | 14         | 50              | 7                | 0.00014519691467285156
exaustive    | 14         | 50              | 4023356          |    9.751784801483154
greedy       | 14         | 75              | 7                | 0.00021982192993164062
greedy       | 4          | 12.5            | 1                | 1.1205673217773438e-05
exaustive    | 4          | 12.5            | 1                | 1.0967254638671875e-05
greedy       | 4          | 25              | 1                | 1.6927719116210938e-05
exaustive    | 4          | 25              | 2                | 1.9788742065429688e-05
greedy       | 4          | 50              | 1                | 1.9311904907226562e-05
exaustive    | 4          | 50              | 1                | 1.33514404296875e-05
greedy       | 4          | 75              | 1                | 1.4066696166992188e-05
exaustive    | 4          | 75              | 1                | 1.3113021850585938e-05
greedy       | 5          | 12.5            | 2                | 1.811981201171875e-05
exaustive    | 5          | 12.5            | 6                | 1.621246337890625e-05
greedy       | 5          | 25              | 1                | 2.4080276489257812e-05
exaustive    | 5          | 25              | 1                | 1.33514404296875e-05
greedy       | 5          | 50              | 1                | 2.47955322265625e-05
exaustive    | 5          | 50              | 2                | 1.2159347534179688e-05
greedy       | 5          | 75              | 2                | 2.2649765014648438e-05
exaustive    | 5          | 75              | 14               | 2.2649765014648438e-05
greedy       | 6          | 12.5            | 2                | 2.0503997802734375e-05
exaustive    | 6          | 12.5            | 11               | 1.8835067749023438e-05
greedy       | 6          | 25              | 2                | 2.1457672119140625e-05
exaustive    | 6          | 25              | 19               | 2.3603439331054688e-05
greedy       | 6          | 50              | 2                | 2.3365020751953125e-05
exaustive    | 6          | 50              | 18               | 6.318092346191406e-05
greedy       | 6          | 75              | 2                |  2.6702880859375e-05
exaustive    | 6          | 75              | 27               | 8.320808410644531e-05
greedy       | 7          | 12.5            | 2                | 2.0742416381835938e-05
exaustive    | 7          | 12.5            | 8                | 1.5974044799804688e-05
greedy       | 7          | 25              | 3                | 5.507469177246094e-05
exaustive    | 7          | 25              | 54               | 4.315376281738281e-05
greedy       | 7          | 50              | 3                | 5.030632019042969e-05
exaustive    | 7          | 50              | 42               | 4.673004150390625e-05
greedy       | 7          | 75              | 3                | 5.1975250244140625e-05
exaustive    | 7          | 75              | 289              | 0.0003063678741455078
greedy       | 8          | 12.5            | 2                | 2.1696090698242188e-05
exaustive    | 8          | 12.5            | 15               | 2.4080276489257812e-05
greedy       | 8          | 25              | 3                | 2.6941299438476562e-05
greedy       | 4          | 12.5            | 1                | 1.1682510375976562e-05
exaustive    | 4          | 12.5            | 2                | 1.3589859008789062e-05
greedy       | 4          | 12.5            | 1                | 1.1682510375976562e-05
exaustive    | 4          | 12.5            | 1                | 1.0251998901367188e-05
greedy       | 4          | 25              | 1                | 1.4543533325195312e-05
exaustive    | 4          | 25              | 2                | 1.2159347534179688e-05
greedy       | 4          | 50              | 1                | 2.6941299438476562e-05
exaustive    | 4          | 50              | 1                | 1.1205673217773438e-05
greedy       | 4          | 75              | 1                | 1.9788742065429688e-05
exaustive    | 4          | 75              | 1                | 1.1205673217773438e-05
greedy       | 5          | 12.5            | 2                |  1.9073486328125e-05
exaustive    | 5          | 12.5            | 6                | 1.621246337890625e-05
greedy       | 5          | 25              | 1                | 1.5735626220703125e-05
exaustive    | 5          | 25              | 1                | 1.0728836059570312e-05
greedy       | 5          | 50              | 1                | 1.621246337890625e-05
exaustive    | 5          | 50              | 2                | 1.3113021850585938e-05
greedy       | 5          | 75              | 2                | 2.193450927734375e-05
exaustive    | 5          | 75              | 14               | 2.384185791015625e-05
greedy       | 6          | 12.5            | 2                | 2.0265579223632812e-05
exaustive    | 6          | 12.5            | 11               | 3.4809112548828125e-05
greedy       | 6          | 25              | 2                | 1.9550323486328125e-05
exaustive    | 6          | 25              | 19               | 4.458427429199219e-05
greedy       | 6          | 50              | 2                | 3.337860107421875e-05
exaustive    | 6          | 50              | 18               | 2.6464462280273438e-05
greedy       | 6          | 75              | 2                | 6.318092346191406e-05
exaustive    | 6          | 75              | 27               | 5.555152893066406e-05
greedy       | 7          | 12.5            | 2                | 2.574920654296875e-05
exaustive    | 7          | 12.5            | 8                | 1.6689300537109375e-05
greedy       | 7          | 25              | 3                | 4.0531158447265625e-05
exaustive    | 7          | 25              | 54               | 0.00016045570373535156
greedy       | 7          | 50              | 3                | 6.508827209472656e-05
exaustive    | 7          | 50              | 42               | 5.054473876953125e-05
greedy       | 7          | 75              | 3                | 3.8623809814453125e-05
exaustive    | 7          | 75              | 289              | 0.00031495094299316406
greedy       | 4          | 12.5            | 1                |    1.52587890625e-05
exaustive    | 4          | 12.5            | 1                |  1.1444091796875e-05
greedy       | 4          | 25              | 1                | 4.172325134277344e-05
exaustive    | 4          | 25              | 2                |  1.9073486328125e-05
greedy       | 4          | 50              | 1                | 1.9788742065429688e-05
exaustive    | 4          | 50              | 1                | 1.4543533325195312e-05
greedy       | 4          | 75              | 2                | 2.8133392333984375e-05
exaustive    | 4          | 75              | 6                | 1.811981201171875e-05
greedy       | 5          | 12.5            | 1                | 1.4066696166992188e-05
exaustive    | 5          | 12.5            | 1                | 1.2159347534179688e-05
greedy       | 5          | 25              | 2                | 1.9550323486328125e-05
exaustive    | 5          | 25              | 8                | 1.6927719116210938e-05
greedy       | 5          | 50              | 2                | 3.0040740966796875e-05
exaustive    | 5          | 50              | 11               | 6.699562072753906e-05
greedy       | 5          | 75              | 2                | 3.838539123535156e-05
exaustive    | 5          | 75              | 18               | 2.7179718017578125e-05
greedy       | 6          | 12.5            | 2                | 2.1219253540039062e-05
exaustive    | 6          | 12.5            | 9                | 1.6689300537109375e-05
greedy       | 6          | 25              | 2                | 4.220008850097656e-05
exaustive    | 6          | 25              | 15               | 2.1219253540039062e-05
greedy       | 6          | 50              | 2                | 2.3126602172851562e-05
exaustive    | 6          | 50              | 18               | 2.7418136596679688e-05
greedy       | 6          | 75              | 3                | 2.9802322387695312e-05
exaustive    | 6          | 75              | 27               | 3.504753112792969e-05
greedy       | 7          | 12.5            | 2                | 4.124641418457031e-05
exaustive    | 7          | 12.5            | 12               | 2.9325485229492188e-05
greedy       | 7          | 25              | 3                | 2.7418136596679688e-05
exaustive    | 7          | 25              | 14               | 2.1457672119140625e-05
greedy       | 7          | 50              | 3                |    4.57763671875e-05
exaustive    | 7          | 50              | 22               | 7.104873657226562e-05
